(8,17)
START DRAWING
(3,17)
(3,15)
(4,15)
(1,8)
(0,8)
(0,6)
(4,6)
(4,8)
(3,8)
(3.7,9.2)
(7.3,9.2)
(8,8)
(7,8)
(7,6)
(11,6)
(11,8)
(10,8)
(7,15)
(8,15)
(8,17)
STOP DRAWING
(5.5, 13)
START DRAWING
(4.7,11.4)
(6.3,11.4)
(5.5,13)
(4.7,11.4)
STOP DRAWING
(8, 18)
START DRAWING
(3,18)
(3,25)
(27,25)
(27,18)
(22,18)
(22,21)
(17,21)
(17,4.5)
(20,4.5)
(20,0)
(10,0)
(10,4.5)
(13,4.5)
(13,21)
(8,21)
(8,18)
STOP DRAWING
(19,17)
START DRAWING
(19,15)
(20,15)
(20,8)
(19,8)
(19,6)
(22.5,6)
(22.5,8)
(21.8,8)
(21.8,13)
(24.5,7)
(27.2,13)
(27.2,8)
(26.5,8)
(26.5,6)
(30,6)
(30,8)
(29,8)
(29,15)
(30,15)
(30,17)
(27,17)
(24.5,12)
(22,17)
(19,17)
STOP DRAWING
(30,25)
